##### closed-loop
FE Proxy 20250410-102324.461214, 1, 50, 50, 0, 155961.64, 32.13MB, 319, 327, 330, 333, 346
FE Proxy 20250410-102324.461214, 1, 50, 50, 0, 157726.89, 32.49MB, 316, 325, 327, 330, 339
FE Proxy 20250410-115130.036187, 2, 50, 50, 0, 174114.50, 35.87MB, 285, 292, 295, 299, 359
FE Proxy 20250410-115130.036187, 2, 50, 50, 0, 177353.86, 36.53MB, 281, 289, 292, 295, 304
FE Proxy 20250410-115224.916390, 4, 50, 50, 0, 193023.74, 39.76MB, 299, 263, 266, 270, 283
FE Proxy 20250410-115224.916390, 4, 50, 50, 0, 195152.70, 40.20MB, 255, 263, 265, 268, 279
prism-star 20250410-152814.136445, 1, 50, 50, 0, 79615.56, 16.40MB, 626, 642, 646, 650, 659
prism-star 20250410-152814.136445, 1, 50, 50, 0, 79926.34, 16.46MB, 624, 639, 644, 648, 656
prism-star 20250410-152727.544879, 2, 50, 50, 0, 161447.60, 33.26MB, 308, 225, 566, 573, 606
prism-star 20250410-152727.544879, 2, 50, 50, 0, 164195.90, 33.82MB, 303, 134, 562, 569, 583
prism-star 20250410-152524.864215, 4, 50, 50, 0, 309389.94, 63.73MB, 188, 70, 307, 461, 502
prism-star 20250410-152524.864215, 4, 50, 50, 0, 322372.58, 66.41MB, 182, 64, 306, 456, 478
capy-proxy-switch-fe 20250411-052408.984571, 1, 50, 50, 0, 77232.92, 15.91MB, 1870, 649, 653, 657, 47190
capy-proxy-switch-fe 20250411-052408.984571, 1, 50, 50, 0, 77279.42, 15.92MB, 1320, 649, 653, 657, 26420
capy-proxy-switch-fe 20250411-142939.392760, 2, 50, 50, 0, 128424.44, 26.45MB, 1760, 392, 751, 770, 44940
capy-proxy-switch-fe 20250411-142939.392760, 2, 50, 50, 0, 126198.01, 26.00MB, 2020, 354, 755, 772, 62100
capy-proxy-switch-fe 20250411-143609.133567, 4, 50, 50, 0, 261851.53, 53.94MB, 1470, 146, 346, 536, 35790
capy-proxy-switch-fe 20250411-143609.133567, 4, 50, 50, 0, 258588.35, 53.27MB, 2290, 146, 355, 548, 63330
capybara 20250411-070357.636376, 1, 50, 50, 0, 361677.71, 74.50MB, 597, 157, 161, 165, 210
capybara 20250411-070357.636376, 1, 50, 50, 0, 395489.36, 81.47MB, 1020, 153, 160, 163, 194
capybara 20250411-070255.440496, 2, 50, 50, 0, 690666.76, 142.27MB, 71, 69, 71, 86, 137
capybara 20250411-070255.440496, 2, 50, 50, 0, 724736.31, 149.29MB, 920, 68, 70, 73, 138
capybara 20250411-070149.776936, 4, 50, 50, 0, 1109315.69, 228.51MB, 43, 39, 50, 62, 94
capybara 20250411-070149.776936, 4, 50, 50, 0, 1390580.54, 286.45MB, 35, 32, 37, 46, 86
static_l4 20250411-070654.668536, 1, 50, 50, 0, 376209.34, 77.50MB, 582, 149, 153, 157, 207
static_l4 20250411-070654.668536, 1, 50, 50, 0, 407607.54, 83.96MB, 1240, 146, 152, 156, 17530
static_l4 20250411-070746.720846, 2, 50, 50, 0, 710523.21, 146.36MB, 69, 65, 72, 91, 133
static_l4 20250411-070746.720846, 2, 50, 50, 0, 772070.02, 159.04MB, 609, 64, 66, 69, 131
static_l4 20250411-070830.181085, 4, 50, 50, 0, 1132697.10, 233.33MB, 42, 38, 50, 63, 96
static_l4 20250411-070830.181085, 4, 50, 50, 0, 1398316.19, 288.04MB, 38, 31, 38, 53, 126
capy-sw 20250411-075659.857030, 1, 50, 50, 0, 361686.17, 74.51MB, 473, 141, 143, 145, 206
capy-sw 20250411-075659.857030, 1, 50, 50, 0, 363453.61, 74.87MB, 1520, 141, 143, 145, 53940
capy-sw 20250411-075808.152465, 2, 50, 50, 0, 580601.76, 119.60MB, 84, 83, 87, 94, 147
capy-sw 20250411-075808.152465, 2, 50, 50, 0, 620889.28, 127.90MB, 79, 80, 83, 86, 121
capy-sw 20250411-075851.700233, 4, 50, 50, 0, 589735.62, 121.48MB, 83, 81, 84, 92, 149
capy-sw 20250411-075851.700233, 4, 50, 50, 0, 632511.01, 130.29MB, 78, 79, 81, 83, 109
FE-proxy 20250415-074055.923993, 1, 50, 50, 0, 142146.09, 29.28MB, 350, 359, 362, 365, 375
FE-proxy 20250415-074055.923993, 1, 50, 50, 0, 143113.12, 29.48MB, 388, 357, 359, 361, 369
FE-proxy 20250415-093231.720159, 1, 50, 50, 32768, 26465.56, 828.13MB, 2320, 1940, 1960, 1980, 2040
FE-proxy 20250415-093231.720159, 1, 50, 50, 32768, 26011.48, 813.96MB, 3250, 1940, 1960, 1980, 52100
FE-proxy 20250415-093310.755712, 1, 100, 100, 32768, 23501.04, 735.37MB, 4280, 4400, 4410, 4430, 4480
FE-proxy 20250415-093310.755712, 1, 100, 100, 32768, 23282.09, 728.55MB, 5150, 4400, 4410, 4430, 4510
FE-proxy 20250415-093400.928613, 1, 30, 30, 32768, 27708.48, 867.02MB, 1270, 1100, 1120, 1140, 1190
FE-proxy 20250415-093400.928613, 1, 30, 30, 32768, 27495.96, 860.38MB, 2390, 1100, 1110, 1130, 46200
FE-proxy 20250415-093440.536455, 1, 40, 40, 32768, 27292.01, 853.99MB, 1710, 1500, 1520, 1530, 1590
FE-proxy 20250415-093440.536455, 1, 40, 40, 32768, 26862.59, 840.57MB, 2450, 1510, 1530, 1550, 1630
FE-proxy 20250415-093530.208331, 1, 10, 10, 32768, 30133.77, 0.92GB, 530, 336, 347, 361, 393
FE-proxy 20250415-093530.208331, 1, 10, 10, 32768, 30220.74, 0.92GB, 739, 334, 344, 356, 403
FE-proxy 20250415-093609.572801, 1, 20, 20, 32768, 28780.37, 0.88GB, 1000, 708, 723, 744, 793
FE-proxy 20250415-093609.572801, 1, 20, 20, 32768, 28543.94, 0.87GB, 1620, 707, 721, 743, 810
FE-proxy 20250415-093717.867751, 1, 5, 5, 32768, 30941.70, 0.95GB, 571, 160, 169, 181, 242
FE-proxy 20250415-093717.867751, 1, 5, 5, 32768, 31675.09, 0.97GB, 558, 160, 167, 175, 194
FE-proxy 20250415-093757.644135, 1, 7, 7, 32768, 30917.69, 0.94GB, 529, 231, 240, 249, 283
FE-proxy 20250415-093757.644135, 1, 7, 7, 32768, 30286.11, 0.93GB, 1690, 232, 241, 250, 61730
FE-proxy 20250415-093915.732551, 1, 2, 2, 32768, 27487.30, 860.08MB, 71, 72, 74, 76, 88
FE-proxy 20250415-093953.968231, 1, 4, 4, 32768, 49904.28, 1.52GB, 79, 79, 87, 91, 104
FE-proxy 20250415-094032.816405, 1, 6, 6, 32768, 61254.64, 1.87GB, 446, 97, 103, 111, 128
FE-proxy 20250415-094111.136435, 1, 8, 8, 32768, 62168.39, 1.90GB, 127, 127, 135, 142, 176
FE-proxy 20250415-094149.776934, 1, 10, 10, 32768, 60620.89, 1.85GB, 378, 161, 174, 191, 257
FE-proxy 20250415-094407.369021, 2, 6, 6, 32768, 57974.25, 1.77GB, 452, 101, 111, 123, 154
FE-proxy 20250415-094445.796059, 2, 8, 8, 32768, 63898.42, 1.95GB, 124, 123, 135, 148, 180
FE-proxy 20250415-094524.548113, 2, 10, 10, 32768, 64203.88, 1.96GB, 767, 155, 167, 179, 219
FE-proxy 20250415-094603.699756, 2, 12, 12, 32768, 63512.35, 1.94GB, 518, 185, 203, 224, 278
FE-proxy 20250415-094732.044065, 4, 6, 6, 32768, 59332.70, 1.81GB, 439, 100, 107, 114, 131
FE-proxy 20250415-094810.527680, 4, 8, 8, 32768, 60355.19, 1.84GB, 647, 129, 146, 162, 210
FE-proxy 20250415-094849.596977, 4, 10, 10, 32768, 62580.82, 1.91GB, 369, 157, 172, 189, 237
FE-proxy 20250415-094928.085439, 4, 12, 12, 32768, 63844.58, 1.95GB, 699, 183, 202, 220, 273
FE-proxy 20250415-095121.024135, 4, 14, 14, 32768, 62234.07, 1.90GB, 960, 223, 245, 264, 341
FE-proxy 20250415-095159.620650, 4, 16, 16, 32768, 63069.14, 1.93GB, 1150, 250, 274, 301, 402
FE-proxy 20250415-155119.492481, 1, 10, 10, 131072, 15262.39, 1.86GB, 1500, 635, 689, 783, 1090
FE-proxy 20250415-154932.604109, 2, 50, 50, 131072, 13564.83, 1.66GB, 4500, 3680, 4140, 4470, 4980
FE-proxy 20250415-160202.772288, 2, 10, 10, 131072, 15404.82, 1.88GB, 1050, 643, 763, 846, 1000
FE-proxy 20250415-160247.236610, 2, 10, 10, 131072, 15246.40, 1.86GB, 1050, 651, 745, 825, 990
FE-proxy 20250415-160035.112659, 4, 10, 10, 131072, 15193.47, 1.86GB, 1270, 643, 713, 793, 980
FE-proxy 20250416-095606.040787, 2, 10, 10, 131072, 17458.94, 2.13GB, 1200, 566, 650, 725, 900
FE-proxy 20250416-095736.317039, 2, 15, 15, 131072, 16640.11, 2.03GB, 1990, 890, 1080, 1220, 14880
FE-proxy 20250416-095846.905255, 1, 10, 10, 131072, 15607.14, 1.91GB, 1240, 637, 688, 733, 860
FE-proxy 20250416-095924.620931, 1, 15, 15, 131072, 15269.35, 1.86GB, 1660, 970, 1040, 1120, 1320
FE-proxy 20250416-100015.148867, 1, 5, 5, 131072, 16029.81, 1.96GB, 724, 309, 351, 390, 480
FE-proxy 20250416-100103.965934, 4, 5, 5, 131072, 16227.95, 1.98GB, 719, 287, 358, 415, 493
FE-proxy 20250416-100141.752586, 4, 10, 10, 131072, 16527.35, 2.02GB, 1620, 587, 674, 745, 1090
FE-proxy 20250416-100219.856195, 4, 15, 15, 131072, 14907.49, 1.82GB, 1970, 970, 1150, 1420, 2009
prism star 20250415-141011.968397, 1, 2, 2, 32768, 30657.30, 0.94GB, 64, 66, 68, 71, 83
prism star 20250415-141046.660154, 1, 4, 4, 32768, 55057.27, 1.68GB, 71, 68, 78, 86, 103
prism star 20250415-141121.936600, 1, 6, 6, 32768, 64469.18, 1.97GB, 92, 90, 99, 103, 117
prism star 20250415-141156.704551, 1, 8, 8, 32768, 68936.42, 2.11GB, 114, 113, 124, 135, 155
prism star 20250415-141232.020686, 1, 10, 10, 32768, 72067.01, 2.20GB, 137, 135, 146, 157, 182
prism star 20250415-141306.864933, 1, 12, 12, 32768, 70802.96, 2.16GB, 168, 166, 183, 204, 253
prism star 20250415-141401.232650, 1, 14, 14, 32768, 71700.88, 2.19GB, 194, 192, 207, 222, 250
prism star 20250415-141436.592928, 1, 16, 16, 32768, 71563.88, 2.19GB, 194, 191, 210, 230, 281
prism star 20250415-141511.451721, 1, 18, 18, 32768, 72084.25, 2.20GB, 248, 247, 267, 287, 330
prism star 20250415-143320.801370, 1, 100, 100, 32768, 69751.23, 2.13GB, 1400, 1410, 1440, 1470, 1540
prism star 20250415-153321.876364, 1, 50, 50, 131072, 25278.80, 3.09GB, 1970, 1950, 2080, 2220, 2420
prism star 20250415-142109.604190, 2, 8, 8, 32768, 96338.60, 2.94GB, 81, 81, 89, 96, 111
prism star 20250415-142144.604785, 2, 10, 10, 32768, 108654.58, 3.32GB, 91, 90, 100, 109, 137
prism star 20250415-142220.203724, 2, 12, 12, 32768, 112807.83, 3.45GB, 105, 102, 114, 129, 166
prism star 20250415-142255.179660, 2, 14, 14, 32768, 119551.84, 3.65GB, 115, 114, 128, 142, 179
prism star 20250415-142330.708951, 2, 16, 16, 32768, 122059.01, 3.73GB, 129, 129, 143, 157, 193
prism star 20250415-142405.684600, 2, 18, 18, 32768, 124344.45, 3.80GB, 143, 142, 157, 173, 213
prism star 20250415-142529.408509, 2, 20, 20, 32768, 126839.43, 3.88GB, 156, 154, 170, 189, 236
prism star 20250415-142604.763669, 2, 25, 25, 32768, 127098.96, 3.88GB, 195, 193, 219, 245, 302
prism star 20250415-143056.348182, 2, 60, 60, 32768, 128107.99, 3.91GB, 451, 311, 740, 776, 844
prism star 20250415-143131.844848, 2, 70, 70, 32768, 128648.41, 3.93GB, 496, 377, 838, 870, 940
prism star 20250415-143224.604572, 2, 100, 100, 32768, 129666.36, 3.96GB, 737, 546, 1310, 1340, 1420
prism star 20250415-153234.924568, 2, 50, 50, 131072, 47955.24, 5.86GB, 1040, 1080, 1730, 1910, 2170
prism star 20250415-142727.849258, 4, 30, 30, 32768, 231067.87, 7.06GB, 128, 126, 142, 160, 209
prism star 20250415-142803.151753, 4, 40, 40, 32768, 242628.03, 7.41GB, 163, 155, 183, 218, 299
prism star 20250415-142838.596426, 4, 50, 50, 32768, 245534.72, 7.50GB, 202, 194, 234, 275, 358
prism star 20250415-142932.772242, 4, 60, 60, 32768, 248325.09, 7.59GB, 241, 200, 305, 422, 521
prism star 20250415-143008.196714, 4, 70, 70, 32768, 248769.68, 7.60GB, 271, 204, 344, 539, 645
prism star 20250415-143408.289246, 4, 100, 100, 32768, 249263.48, 7.62GB, 365, 224, 493, 841, 950
prism star 20250415-152911.229297, 4, 100, 100, 131072, 92957.79, 11.35GB, 1220, 676, 1940, 2850, 3350
prism star 20250415-153035.520282, 4, 100, 100, 131072, 93511.27, 11.42GB, 1080, 777, 1480, 2260, 2820
prism star 20250415-153035.520282, 4, 100, 100, 131072, 93511.27, 11.42GB, 1080, 777, 1480, 2260, 2820
prism star 20250415-153151.633281, 4, 50, 50, 131072, 92913.24, 11.35GB, 537, 506, 649, 786, 1060
Capy-proxy 20250415-151708.388723, 1, 100, 100, 32768, 62027.83, 1.90GB, 1810, 1610, 1630, 1660, 2450
Capy-proxy 20250415-151818.439678, 2, 100, 100, 32768, 111681.55, 3.41GB, 1530, 920, 1590, 1630, 18110
Capy-proxy 20250415-152314.456609, 4, 30, 30, 32768, 181271.24, 5.54GB, 758, 158, 177, 203, 13280
Capy-proxy 20250415-152226.180136, 4, 50, 50, 32768, 180182.54, 5.51GB, 1370, 268, 293, 325, 32330
Capy-proxy 20250415-151907.200560, 4, 100, 100, 32768, 179144.68, 5.47GB, 2160, 547, 583, 623, 59160
Capy-proxy 20250415-153628.272220, 1, 50, 50, 131072, 25301.15, 3.09GB, 2080, 1930, 2090, 2220, 2430
Capy-proxy 20250415-153452.268239, 2, 50, 50, 131072, 49441.82, 6.04GB, 1090, 1050, 1640, 1800, 2160
Capy-proxy 20250415-153722.392095, 2, 50, 50, 131072, 48355.64, 5.90GB, 1150, 1060, 1650, 1830, 2160
Capy-proxy 20250415-152745.148454, 4, 50, 50, 131072, 93006.54, 11.36GB, 870, 470, 640, 822, 6660
prism star 20250416-134443.584935, 1, 100, 131072, 0, 0, 0, 0, 100, 86, 0, 131, 68.0, 74.0, 5713.0, 6615.0, 6615.0
prism star 20250416-134533.357039, 1, 100, 131072, 0, 0, 0, 0, 200, 22, 29, 6, inf, inf, inf, inf, inf
prism star 20250416-134104.936535, 2, 100, 131072, 0, 0, 0, 0, 100, 99, 0, 2, 64.0, 69.0, 2973.0, 3466.0, 3466.0
prism star 20250416-134154.565506, 2, 100, 131072, 0, 0, 0, 0, 200, 11, 362, 55, inf, inf, inf, inf, inf
prism star 20250416-134639.744066, 4, 100, 131072, 0, 0, 0, 0, 100, 89, 0, 107, 68.0, 74.0, 1679.0, 1941.0, 1941.0
prism star 20250416-134729.880599, 4, 100, 131072, 0, 0, 0, 0, 200, 29, 683, 56, inf, inf, inf, inf, inf
##### open-loop
FE Proxy 20250411-122403.788886, 1, 100, 0, 0, 0, 0, 0, 150000, 147940, 0, 7022, 19.0, 25.0, 35.0, 48.0, 60.0
FE Proxy 20250411-122444.088697, 1, 100, 0, 0, 0, 0, 0, 200000, 197222, 0, 11959, 21.0, 35.0, 58.0, 80.0, 98.0
FE Proxy 20250411-122524.261056, 1, 100, 0, 0, 0, 0, 0, 250000, 246876, 0, 15055, 34.0, 89.0, 182.0, 266.0, 331.0
FE Proxy 20250411-122652.004955, 1, 100, 0, 0, 0, 0, 0, 300000, 0, 0, 0, NA, NA, NA, NA, NA
FE Proxy 20250411-121957.288109, 2, 100, 0, 0, 0, 0, 0, 250000, 246843, 0, 15358, 25.0, 43.0, 73.0, 105.0, 134.0
FE Proxy 20250411-122037.016531, 2, 100, 0, 0, 0, 0, 0, 300000, 296536, 0, 17156, 68.0, 253.0, 547.0, 852.0, 1035.0
FE Proxy 20250411-122207.836177, 2, 100, 0, 0, 0, 0, 0, 350000, 0, 0, 0, NA, NA, NA, NA, NA
FE Proxy 20250411-121607.548371, 4, 100, 0, 0, 0, 0, 0, 300000, 296375, 0, 18612, 37.0, 72.0, 140.0, 215.0, 261.0
FE Proxy 20250411-121727.860599, 4, 100, 0, 0, 0, 0, 0, 350000, 0, 0, 0, NA, NA, NA, NA, NA
capybara-switch 20250411-114457.848435, 1, 100, 0, 0, 0, 0, 0, 700000, 695206, 0, 17928, 156.0, 299.0, 535.0, 793.0, 1051.0
capybara-switch 20250411-114703.868844, 1, 100, 0, 0, 0, 0, 0, 750000, 0, 0, 0, NA, NA, NA, NA, NA
capybara-switch 20250411-114103.068786, 2, 100, 0, 0, 0, 0, 0, 1000000, 995633, 0, 13645, 35.0, 59.0, 100.0, 155.0, 227.0
capybara-switch 20250411-114140.380891, 2, 100, 0, 0, 0, 0, 0, 1050000, 0, 0, 0, NA, NA, NA, NA, NA
capybara-switch 20250411-114219.032356, 2, 100, 0, 0, 0, 0, 0, 1100000, 0, 0, 0, NA, NA, NA, NA, NA
capybara-switch 20250411-113854.204285, 4, 100, 0, 0, 0, 0, 0, 1000000, 995694, 0, 13133, 27.0, 41.0, 65.0, 93.0, 111.0
capybara-switch 20250411-113931.492746, 4, 100, 0, 0, 0, 0, 0, 1050000, 0, 0, 0, NA, NA, NA, NA, NA
capybara-switch 20250411-114010.076449, 4, 100, 0, 0, 0, 0, 0, 1100000, 0, 0, 0, NA, NA, NA, NA, NA
Static L4 20250411-115759.425433, 1, 100, 0, 0, 0, 0, 0, 700000, 694814, 0, 21563, 59.0, 108.0, 193.0, 295.0, 415.0
Static L4 20250411-115837.560423, 1, 100, 0, 0, 0, 0, 0, 750000, 745355, 0, 19265, 351.0, 809.0, 1330.0, 1810.0, 2298.0
Static L4 20250411-115935.125097, 1, 100, 0, 0, 0, 0, 0, 800000, 0, 0, 0, NA, NA, NA, NA, NA
Static L4 20250411-120101.704447, 2, 100, 0, 0, 0, 0, 0, 1400000, 1395383, 0, 15196, 41.0, 77.0, 142.0, 221.0, 308.0
Static L4 20250411-120139.464557, 2, 100, 0, 0, 0, 0, 0, 1500000, 1495364, 0, 16251, 84.0, 191.0, 377.0, 591.0, 812.0
Static L4 20250411-120217.736650, 2, 100, 0, 0, 0, 0, 0, 1600000, 0, 0, 0, NA, NA, NA, NA, NA
Static L4 20250411-120920.084394, 4, 100, 0, 0, 0, 0, 0, 2900000, 2889096, 0, 54243, 43.0, 98.0, 199.0, 315.0, 440.0
Static L4 20250411-120958.308823, 4, 100, 0, 0, 0, 0, 0, 3000000, 2988777, 0, 58453, 71.0, 207.0, 462.0, 774.0, 1107.0
Static L4 20250411-121037.188854, 4, 100, 0, 0, 0, 0, 0, 3100000, 2199218, 56450, 8014673, 211.0, 1045.0, 12046.0, inf, inf
Capybara 20250411-115609.304978, 1, 100, 0, 0, 0, 0, 0, 700000, 694989, 0, 19903, 127.0, 254.0, 470.0, 711.0, 952.0
Capybara 20250411-115646.768929, 1, 100, 0, 0, 0, 0, 0, 750000, 0, 0, 0, NA, NA, NA, NA, NA
Capybara 20250411-120431.089214, 2, 100, 0, 0, 0, 0, 0, 1400000, 1395286, 0, 16009, 68.0, 141.0, 271.0, 424.0, 603.0
Capybara 20250411-120509.220843, 2, 100, 0, 0, 0, 0, 0, 1500000, 1138652, 56450, 3175838, 391.0, 12504.0, 33110.0, inf, inf
Capybara 20250411-120638.124926, 4, 100, 0, 0, 0, 0, 0, 2800000, 2789602, 0, 47799, 46.0, 105.0, 215.0, 344.0, 482.0
Capybara 20250411-120716.608214, 4, 100, 0, 0, 0, 0, 0, 2900000, 2888609, 0, 58371, 78.0, 222.0, 492.0, 810.0, 1206.0
Capybara 20250411-120755.472635, 4, 100, 0, 0, 0, 0, 0, 3000000, 1250860, 56451, 8914967, 436.0, 8503.0, 22279.0, inf, inf
Capy-proxy-switch-fe 20250411-132235.385003, 4, 100, 0, 0, 0, 0, 0, 150000, 147949, 0, 6941, 10.0, 13.0, 35.0, 29232.0, 36612.0
Capy-proxy-switch-fe 20250411-132317.520536, 4, 100, 0, 0, 0, 0, 0, 160000, 157785, 0, 7919, 10.0, 13.0, 7365.0, 37417.0, 44711.0
Capy-proxy-switch-fe 20250411-132400.204631, 4, 100, 0, 0, 0, 0, 0, 170000, 166850, 1129, 15101, 10.0, 13.0, 5919.0, 32336.0, inf
Capy-proxy-switch-fe 20250411-132443.728189, 4, 100, 0, 0, 0, 0, 0, 180000, 174874, 2258, 32628, 10.0, 13.0, 3379.0, inf, inf
Capy-proxy-switch-fe 20250411-132527.024617, 4, 100, 0, 0, 0, 0, 0, 190000, 184370, 37731, 23107, 10.0, 15.0, inf, inf, inf
Capy-proxy-switch-fe 20250411-132610.787784, 4, 100, 0, 0, 0, 0, 0, 200000, 193654, 112900, 39800, 10.0, 22.0, inf, inf, inf
Capy-proxy-switch-fe 20250411-132946.732285, 2, 100, 0, 0, 0, 0, 0, 90000, 88924, 0, 688, 10.0, 14.0, 34.0, 19567.0, 25134.0
Capy-proxy-switch-fe 20250411-133028.760027, 2, 100, 0, 0, 0, 0, 0, 100000, 98293, 1129, 5054, 11.0, 15.0, 10113.0, inf, inf
Capy-proxy-switch-fe 20250411-133112.344682, 2, 100, 0, 0, 0, 0, 0, 110000, 108891, 0, 1075, 11.0, 16.0, 4353.0, 23488.0, 27335.0
Capy-proxy-switch-fe 20250411-133303.148691, 2, 100, 0, 0, 0, 0, 0, 120000, 117669, 0, 1384, 11.0, 17.0, 12393.0, 37986.0, 41656.0
Capy-proxy-switch-fe 20250411-133359.396199, 2, 100, 0, 0, 0, 0, 0, 130000, 128662, 0, 1628, 12.0, 18.0, 20469.0, 39445.0, 42625.0
Capy-proxy-switch-fe 20250411-133553.853189, 2, 100, 0, 0, 0, 0, 0, 140000, 137983, 1129, 5828, 12.0, 20.0, 45523.0, 59753.0, inf
Capy-proxy-switch-fe 20250411-133636.976228, 2, 100, 0, 0, 0, 0, 0, 150000, 143374, 112900, 464772, 14.0, inf, inf, inf, inf
Capy-proxy-switch-fe 20250411-141429.716888, 1, 100, 0, 0, 0, 0, 0, 70000, 69004, 0, 563, 14.0, 21.0, 21096.0, 48532.0, 52387.0
Capy-proxy-switch-fe 20250411-141519.905156, 1, 100, 0, 0, 0, 0, 0, 80000, 78851, 0, 782, 15.0, 23.0, 30285.0, 50748.0, 54429.0
Capy-proxy-switch-fe 20250411-141602.672843, 1, 100, 0, 0, 0, 0, 0, 90000, 88040, 1129, 7589, 17.0, 26.0, 27152.0, inf, inf
