LWRR,0,1,FLEET=12,[RESULT] 1800000, 1799258, 0, 3960, 15.0, 20.0, 26.0, 33.0, 63.0,SHORT_99=21
LWRR,0,2,FLEET=12,[RESULT] 1800000, 1799309, 0, 3453, 15.0, 20.0, 26.0, 33.0, 58.0,SHORT_99=22
LWRR,0,3,FLEET=12,[RESULT] 1800000, 1799255, 0, 3993, 15.0, 19.0, 26.0, 33.0, 62.0,SHORT_99=21
LWRR,0.9,1,FLEET=12,[RESULT] 1800000, 1551527, 0, 2480800, 15.0, 29.0, 22221.0, 25828.0, 27076.0, 1786168458, 0,SHORT_99=21
LWRR,0.9,2,FLEET=12,[RESULT] 1800000, 1597958, 0, 2018035, 15.0, 29.0, 19452.0, 21852.0, 22830.0, 1786168485, 0,SHORT_99=21
LWRR,0.9,3,FLEET=12,[RESULT] 1800000, 1546400, 0, 2532079, 15.0, 30.0, 21709.0, 24291.0, 25848.0, 1786168511, 0,SHORT_99=21
LWRR,1.0,1,FLEET=12,[RESULT] 1800000, 1354929, 0, 4444246, 16.0, 9704.0, 32071.0, 34895.0, 35935.0, 1786168538, 0,SHORT_99=22
LWRR,1.0,2,FLEET=12,[RESULT] 1800000, 1473968, 0, 3254205, 15.0, 37.0, 20762.0, 22991.0, 23821.0, 1786168564, 0,SHORT_99=21
LWRR,1.0,3,FLEET=12,[RESULT] 1800000, 1450510, 0, 3487487, 16.0, 140.0, 24428.0, 29282.0, 30374.0, 1786168590, 0,SHORT_99=22
LWRR,1.2,1,FLEET=12,[RESULT] 1800000, 1217370, 0, 5822499, 15.0, 12021.0, 22018.0, 24624.0, 25204.0, 1786168616, 0,SHORT_99=21
LWRR,1.2,2,FLEET=12,[RESULT] 1800000, 1269597, 0, 5301554, 15.0, 152.0, 21813.0, 24513.0, 25481.0, 1786168642, 0,SHORT_99=21
LWRR,1.2,3,FLEET=12,[RESULT] 1800000, 1269484, 0, 5302726, 15.0, 91.0, 23216.0, 26030.0, 27253.0, 1786168671, 0,SHORT_99=21
LWRR,0,4,FLEET=12,[RESULT] 1800000, 1799256, 0, 3976, 15.0, 19.0, 26.0, 33.0, 56.0,SHORT_99=21
LWRR,0,5,FLEET=12,[RESULT] 1800000, 1799296, 0, 3564, 15.0, 20.0, 26.0, 34.0, 63.0,SHORT_99=22
LWRR,0,6,FLEET=12,[RESULT] 1800000, 1799252, 0, 4013, 15.0, 20.0, 26.0, 34.0, 69.0,SHORT_99=22
LWRR,0,7,FLEET=12,[RESULT] 1800000, 1799212, 0, 4423, 15.0, 19.0, 26.0, 33.0, 66.0,SHORT_99=21
LWRR,0,8,FLEET=12,[RESULT] 1800000, 1799248, 0, 4055, 15.0, 20.0, 26.0, 34.0, 67.0,SHORT_99=22
LWRR,0,9,FLEET=12,[RESULT] 1800000, 1799260, 0, 3934, 15.0, 20.0, 26.0, 34.0, 62.0,SHORT_99=22
LWRR,0,10,FLEET=12,[RESULT] 1800000, 1799275, 0, 3788, 15.0, 19.0, 26.0, 33.0, 67.0,SHORT_99=21
LWRR,0.9,5,FLEET=12,[RESULT] 1800000, 1549706, 0, 2499068, 15.0, 30.0, 22499.0, 25575.0, 26805.0, 1786169771, 0,SHORT_99=22
LWRR,0.9,6,FLEET=12,[RESULT] 1800000, 1572752, 0, 2268298, 15.0, 34.0, 20051.0, 22768.0, 23631.0, 1786169797, 0,SHORT_99=21
LWRR,0.9,7,FLEET=12,[RESULT] 1800000, 1562555, 0, 2370509, 15.0, 29.0, 20795.0, 23519.0, 24419.0, 1786169824, 0,SHORT_99=21
LWRR,0.9,8,FLEET=12,[RESULT] 1800000, 1584507, 0, 2150772, 15.0, 29.0, 19115.0, 21132.0, 22153.0, 1786169850, 0,SHORT_99=21
LWRR,0.9,9,FLEET=12,[RESULT] 1800000, 1498265, 0, 3013712, 15.0, 29.0, 28274.0, 31043.0, 31804.0, 1786169877, 0,SHORT_99=21
LWRR,0.9,10,FLEET=12,[RESULT] 1800000, 1559966, 0, 2396426, 15.0, 30.0, 20993.0, 23312.0, 24401.0, 1786169903, 0,SHORT_99=21
LWRR,1.0,4,FLEET=12,[RESULT] 1800000, 1453043, 0, 3463715, 15.0, 40.0, 23096.0, 26383.0, 27222.0, 1786169929, 0,SHORT_99=21
LWRR,1.0,5,FLEET=12,[RESULT] 1800000, 1453079, 0, 3463333, 15.0, 34.0, 23109.0, 26608.0, 27533.0, 1786169956, 0,SHORT_99=21
LWRR,1.0,6,FLEET=12,[RESULT] 1800000, 1460737, 0, 3386651, 15.0, 50.0, 20590.0, 22757.0, 23914.0, 1786169982, 0,SHORT_99=21
LWRR,1.0,7,FLEET=12,[RESULT] 1800000, 1460294, 0, 3391071, 15.0, 43.0, 21209.0, 23837.0, 24843.0, 1786170009, 0,SHORT_99=21
LWRR,1.0,8,FLEET=12,[RESULT] 1800000, 1477962, 0, 3214220, 15.0, 49.0, 19478.0, 21340.0, 21814.0, 1786170036, 0,SHORT_99=21
LWRR,1.0,9,FLEET=12,[RESULT] 1800000, 1474052, 0, 3253429, 15.0, 35.0, 20997.0, 23543.0, 24437.0, 1786170062, 0,SHORT_99=21
LWRR,1.0,10,FLEET=12,[RESULT] 1800000, 1419652, 0, 3797839, 15.0, 35.0, 24809.0, 27943.0, 28609.0, 1786170089, 0,SHORT_99=21
LWRR,1.2,4,FLEET=12,[RESULT] 1800000, 1243758, 0, 5560358, 15.0, 10145.0, 21855.0, 24552.0, 25334.0, 1786170115, 0,SHORT_99=21
LWRR,1.2,5,FLEET=12,[RESULT] 1800000, 1227380, 0, 5722400, 15.0, 11663.0, 21093.0, 24130.0, 24884.0, 1786170143, 0,SHORT_99=21
LWRR,1.2,6,FLEET=12,[RESULT] 1800000, 1265007, 0, 5347500, 15.0, 9385.0, 19470.0, 21284.0, 21681.0, 1786170170, 0,SHORT_99=20
LWRR,1.2,7,FLEET=12,[RESULT] 1800000, 1225931, 0, 5737009, 16.0, 11721.0, 21623.0, 24303.0, 24890.0, 1786170198, 0,SHORT_99=21
LWRR,1.2,8,FLEET=12,[RESULT] 1800000, 1280055, 0, 5196780, 15.0, 265.0, 21116.0, 23672.0, 24223.0, 1786170225, 0,SHORT_99=21
LWRR,1.2,9,FLEET=12,[RESULT] 1800000, 1270657, 0, 5291000, 15.0, 8853.0, 19106.0, 20805.0, 21351.0, 1786170253, 0,SHORT_99=20
LWRR,1.2,10,FLEET=12,[RESULT] 1800000, 1267120, 0, 5324516, 15.0, 9682.0, 21441.0, 25316.0, 26332.0, 1786170280, 0,SHORT_99=21
CAPY,0,1,FLEET=12,[RESULT] 1350000, 1347976, 0, 16356, 9.0, 11.0, 13.0, 15.0, 37.0,SHORT_99=10
CAPY,0,2,FLEET=12,[RESULT] 1350000, 1347951, 0, 16608, 9.0, 11.0, 13.0, 15.0, 38.0,SHORT_99=10
CAPY,0,3,FLEET=12,[RESULT] 1350000, 1347909, 0, 17028, 9.0, 11.0, 13.0, 15.0, 37.0,SHORT_99=10
CAPY,0,4,FLEET=12,[RESULT] 1350000, 1347955, 0, 16561, 9.0, 11.0, 13.0, 15.0, 34.0,SHORT_99=10
CAPY,0,5,FLEET=12,[RESULT] 1350000, 1347950, 0, 16610, 10.0, 11.0, 13.0, 15.0, 34.0,SHORT_99=10
CAPY,0,6,FLEET=12,[RESULT] 1350000, 1348030, 0, 15809, 9.0, 11.0, 13.0, 15.0, 35.0,SHORT_99=10
CAPY,0,7,FLEET=12,[RESULT] 1350000, 1348056, 0, 15552, 9.0, 11.0, 13.0, 15.0, 37.0,SHORT_99=10
CAPY,0,8,FLEET=12,[RESULT] 1350000, 1348004, 0, 16072, 9.0, 11.0, 13.0, 15.0, 35.0,SHORT_99=10
CAPY,0,9,FLEET=12,[RESULT] 1350000, 1348010, 0, 16013, 9.0, 11.0, 13.0, 15.0, 34.0,SHORT_99=10
CAPY,0,10,FLEET=12,[RESULT] 1350000, 1347915, 0, 16964, 9.0, 11.0, 13.0, 15.0, 35.0,SHORT_99=10
CAPY,0.9,2,FLEET=12,[RESULT] 1350000, 1348139, 0, 17695, 10.0, 12.0, 15.0, 21.0, 53.0, 1786201301, 0,SHORT_99=11
CAPY,0.9,3,FLEET=12,[RESULT] 1350000, 1348166, 0, 17428, 10.0, 12.0, 15.0, 21.0, 63.0, 1786201344, 0,SHORT_99=11
CAPY,0.9,4,FLEET=12,[RESULT] 1350000, 1348095, 0, 18199, 10.0, 12.0, 15.0, 21.0, 55.0, 1786201386, 0,SHORT_99=11
CAPY,0.9,5,FLEET=12,[RESULT] 1350000, 1348103, 0, 18177, 10.0, 12.0, 17.0, 26.0, 62.0, 1786201428, 0,SHORT_99=11
CAPY,0.9,6,FLEET=12,[RESULT] 1350000, 1348182, 0, 17308, 10.0, 12.0, 16.0, 22.0, 59.0, 1786201471, 0,SHORT_99=11
CAPY,0.9,7,FLEET=12,[RESULT] 1350000, 1348131, 0, 17810, 10.0, 13.0, 19.0, 30.0, 86.0, 1786201513, 0,SHORT_99=11
CAPY,0.9,8,FLEET=12,[RESULT] 1350000, 1348126, 0, 17866, 10.0, 12.0, 16.0, 22.0, 57.0, 1786201555, 0,SHORT_99=11
CAPY,0.9,9,FLEET=12,[RESULT] 1350000, 1348148, 0, 17679, 10.0, 14.0, 24.0, 42.0, 98.0, 1786201598, 0,SHORT_99=12
CAPY,0.9,10,FLEET=12,[RESULT] 1350000, 1348080, 0, 18335, 10.0, 12.0, 16.0, 22.0, 67.0, 1786201640, 0,SHORT_99=11
CAPY,1.0,1,FLEET=12,[RESULT] 1350000, 1348056, 0, 19427, 10.0, 12.0, 18.0, 28.0, 70.0, 1786201682, 0,SHORT_99=11
CAPY,1.0,2,FLEET=12,[RESULT] 1350000, 1347969, 0, 20228, 10.0, 12.0, 18.0, 26.0, 76.0, 1786201725, 0,SHORT_99=11
CAPY,1.0,3,FLEET=12,[RESULT] 1350000, 1347989, 0, 19978, 10.0, 13.0, 20.0, 31.0, 63.0, 1786201767, 0,SHORT_99=11
CAPY,1.0,4,FLEET=12,[RESULT] 1350000, 1348062, 0, 19339, 10.0, 13.0, 20.0, 30.0, 68.0, 1786201809, 0,SHORT_99=11
CAPY,1.0,5,FLEET=12,[RESULT] 1350000, 1347799, 0, 21902, 10.0, 12.0, 18.0, 25.0, 62.0, 1786201852, 0,SHORT_99=11
CAPY,1.0,6,FLEET=12,[RESULT] 1350000, 1348114, 0, 18743, 10.0, 13.0, 20.0, 31.0, 68.0, 1786201894, 0,SHORT_99=11
CAPY,1.0,7,FLEET=12,[RESULT] 1350000, 1348070, 0, 19179, 10.0, 13.0, 19.0, 28.0, 87.0, 1786201936, 0,SHORT_99=11
CAPY,1.0,8,FLEET=12,[RESULT] 1350000, 1348034, 0, 19578, 10.0, 12.0, 17.0, 24.0, 67.0, 1786201979, 0,SHORT_99=11
CAPY,1.0,9,FLEET=12,[RESULT] 1350000, 1348024, 0, 19685, 10.0, 12.0, 17.0, 24.0, 62.0, 1786202021, 0,SHORT_99=11
CAPY,1.0,10,FLEET=12,[RESULT] 1350000, 1348132, 0, 18631, 10.0, 12.0, 17.0, 25.0, 62.0, 1786202063, 0,SHORT_99=11
CAPY,1.2,1,FLEET=12,[RESULT] 1350000, 1346885, 0, 29995, 10.0, 18.0, 67.0, 454.0, 873.0, 1786202106, 0,SHORT_99=11
CAPY,1.2,2,FLEET=12,[RESULT] 1350000, 1346682, 0, 32034, 10.0, 17.0, 47.0, 249.0, 447.0, 1786202148, 0,SHORT_99=11
CAPY,1.2,3,FLEET=12,[RESULT] 1350000, 1346943, 0, 29460, 10.0, 15.0, 29.0, 63.0, 138.0, 1786202190, 0,SHORT_99=11
CAPY,1.2,4,FLEET=12,[RESULT] 1350000, 1346944, 0, 29389, 10.0, 18.0, 61.0, 356.0, 568.0, 1786202233, 0,SHORT_99=11
CAPY,1.2,5,FLEET=12,[RESULT] 1350000, 1346713, 0, 31727, 10.0, 14.0, 28.0, 56.0, 126.0, 1786202275, 0,SHORT_99=11
CAPY,1.2,6,FLEET=12,[RESULT] 1350000, 1347053, 0, 28344, 10.0, 19.0, 90.0, 559.0, 856.0, 1786202317, 0,SHORT_99=11
CAPY,1.2,7,FLEET=12,[RESULT] 1350000, 1346979, 0, 29063, 10.0, 14.0, 27.0, 58.0, 2281.0, 1786202360, 0,SHORT_99=11
CAPY,1.2,8,FLEET=12,[RESULT] 1350000, 1346809, 0, 30770, 10.0, 16.0, 37.0, 116.0, 234.0, 1786202402, 0,SHORT_99=11
CAPY,1.2,9,FLEET=12,[RESULT] 1350000, 1346838, 0, 30445, 10.0, 19.0, 106.0, 660.0, 1013.0, 1786202444, 0,SHORT_99=11
CAPY,1.2,10,FLEET=12,[RESULT] 1350000, 1346935, 0, 29483, 10.0, 17.0, 49.0, 302.0, 416.0, 1786202487, 0,SHORT_99=11
