LWRR,0,1,FLEET=12,[RESULT] 1800000, 1799269, 0, 3844, 15.0, 19.0, 26.0, 33.0, 64.0,SHORT_99=21
LWRR,0,2,FLEET=12,[RESULT] 1800000, 1799300, 0, 3538, 15.0, 20.0, 26.0, 34.0, 67.0,SHORT_99=22
LWRR,0,3,FLEET=12,[RESULT] 1800000, 1799318, 0, 3363, 15.0, 19.0, 26.0, 33.0, 67.0,SHORT_99=21
LWRR,0.9,1,FLEET=12,[RESULT] 1800000, 1576694, 0, 2228971, 15.0, 29.0, 20454.0, 23261.0, 24031.0, 1787391448, 0,SHORT_99=21
LWRR,0.9,2,FLEET=12,[RESULT] 1800000, 1509378, 0, 2901127, 15.0, 42.0, 29386.0, 33395.0, 34017.0, 1787391474, 0,SHORT_99=22
LWRR,0.9,3,FLEET=12,[RESULT] 1800000, 1566251, 0, 2333460, 15.0, 29.0, 22005.0, 25844.0, 26851.0, 1787391500, 0,SHORT_99=21
LWRR,1.0,1,FLEET=12,[RESULT] 1800000, 1473506, 0, 3258730, 15.0, 34.0, 20580.0, 22867.0, 23631.0, 1787391528, 0,SHORT_99=21
LWRR,1.0,2,FLEET=12,[RESULT] 1800000, 1435346, 0, 3640885, 16.0, 49.0, 23515.0, 26679.0, 27481.0, 1787391554, 0,SHORT_99=22
LWRR,1.0,3,FLEET=12,[RESULT] 1800000, 1454106, 0, 3453049, 15.0, 64.0, 21743.0, 24996.0, 25842.0, 1787391581, 0,SHORT_99=21
LWRR,1.2,1,FLEET=12,[RESULT] 1800000, 1189175, 0, 6104738, 15.0, 13001.0, 24015.0, 26714.0, 27548.0, 1787391607, 0,SHORT_99=21
LWRR,1.2,2,FLEET=12,[RESULT] 1800000, 1266492, 0, 5332727, 15.0, 353.0, 21304.0, 23937.0, 24580.0, 1787391634, 0,SHORT_99=21
LWRR,1.2,3,FLEET=12,[RESULT] 1800000, 1174031, 0, 6256340, 15.0, 13632.0, 25577.0, 28620.0, 29415.0, 1787391663, 0,SHORT_99=21
CAPY,0,1,FLEET=12,[RESULT] 1350000, 1348108, 0, 15033, 9.0, 11.0, 13.0, 15.0, 38.0,SHORT_99=10
CAPY,0,2,FLEET=12,[RESULT] 1350000, 1347982, 0, 16290, 9.0, 11.0, 13.0, 15.0, 38.0,SHORT_99=10
CAPY,0,3,FLEET=12,[RESULT] 1350000, 1347912, 0, 16990, 10.0, 11.0, 13.0, 15.0, 38.0,SHORT_99=10
CAPY,0.9,1,FLEET=12,[RESULT] 1350000, 1348156, 0, 17574, 10.0, 12.0, 17.0, 24.0, 76.0, 1787391836, 0,SHORT_99=11
CAPY,0.9,2,FLEET=12,[RESULT] 1350000, 1348224, 0, 16876, 10.0, 12.0, 16.0, 23.0, 74.0, 1787391880, 0,SHORT_99=11
CAPY,0.9,3,FLEET=12,[RESULT] 1350000, 1348122, 0, 17913, 10.0, 12.0, 17.0, 24.0, 56.0, 1787391923, 0,SHORT_99=11
CAPY,1.0,1,FLEET=12,[RESULT] 1350000, 1348132, 0, 18571, 10.0, 12.0, 17.0, 25.0, 77.0, 1787391966, 0,SHORT_99=11
CAPY,1.0,2,FLEET=12,[RESULT] 1350000, 1348229, 0, 17632, 10.0, 12.0, 17.0, 24.0, 59.0, 1787392009, 0,SHORT_99=11
CAPY,1.0,3,FLEET=12,[RESULT] 1350000, 1348084, 0, 19030, 10.0, 12.0, 18.0, 27.0, 63.0, 1787392053, 0,SHORT_99=11
CAPY,1.2,1,FLEET=12,[RESULT] 1350000, 1347057, 0, 28272, 10.0, 18.0, 69.0, 502.0, 741.0, 1787392096, 0,SHORT_99=11
CAPY,1.2,2,FLEET=12,[RESULT] 1350000, 1347132, 0, 27550, 10.0, 17.0, 52.0, 287.0, 457.0, 1787392139, 0,SHORT_99=11
CAPY,1.2,3,FLEET=12,[RESULT] 1350000, 1346993, 0, 28936, 10.0, 15.0, 34.0, 100.0, 178.0, 1787392183, 0,SHORT_99=11
