LWRR,0,1,FLEET=12,[RESULT] 1800000, 1799232, 0, 4214, 14.0, 19.0, 25.0, 33.0, 62.0,SHORT_99=21
LWRR,0,2,FLEET=12,[RESULT] 1800000, 1799222, 0, 4322, 15.0, 20.0, 28.0, 38.0, 66.0,SHORT_99=22
LWRR,0,3,FLEET=12,[RESULT] 1800000, 1799189, 0, 4642, 15.0, 19.0, 26.0, 33.0, 63.0,SHORT_99=21
LWRR,0.9,1,FLEET=12,[RESULT] 1800000, 1523481, 0, 2761397, 15.0, 29.0, 24519.0, 27755.0, 28693.0, 1786510884, 0,SHORT_99=21
LWRR,0.9,2,FLEET=12,[RESULT] 1800000, 1606429, 0, 1933163, 15.0, 33.0, 18579.0, 20535.0, 21262.0, 1786510911, 0,SHORT_99=21
LWRR,0.9,3,FLEET=12,[RESULT] 1800000, 1571614, 0, 2279835, 15.0, 29.0, 21272.0, 24661.0, 25391.0, 1786510936, 0,SHORT_99=21
LWRR,1.0,1,FLEET=12,[RESULT] 1800000, 1432595, 0, 3668424, 15.0, 40.0, 25312.0, 29730.0, 30694.0, 1786510963, 0,SHORT_99=22
LWRR,1.0,2,FLEET=12,[RESULT] 1800000, 1461072, 0, 3383359, 15.0, 47.0, 20313.0, 22503.0, 23362.0, 1786510989, 0,SHORT_99=21
LWRR,1.0,3,FLEET=12,[RESULT] 1800000, 1442293, 0, 3571314, 15.0, 46.0, 22870.0, 25812.0, 26812.0, 1786511014, 0,SHORT_99=22
LWRR,1.2,1,FLEET=12,[RESULT] 1800000, 1283753, 0, 5159866, 15.0, 4187.0, 18620.0, 20046.0, 20583.0, 1786511041, 0,SHORT_99=21
LWRR,1.2,2,FLEET=12,[RESULT] 1800000, 1274427, 0, 5253252, 15.0, 2599.0, 19863.0, 21791.0, 22554.0, 1786511066, 0,SHORT_99=21
LWRR,1.2,3,FLEET=12,[RESULT] 1800000, 1290550, 0, 5091752, 15.0, 2337.0, 18417.0, 19880.0, 20333.0, 1786511094, 0,SHORT_99=20
CAPY,0,1,FLEET=12,[RESULT] 1350000, 1348012, 0, 15996, 9.0, 11.0, 13.0, 15.0, 38.0,SHORT_99=10
CAPY,0,2,FLEET=12,[RESULT] 1350000, 1347938, 0, 16733, 9.0, 11.0, 13.0, 15.0, 34.0,SHORT_99=10
CAPY,0,3,FLEET=12,[RESULT] 1350000, 1347988, 0, 16233, 9.0, 11.0, 13.0, 15.0, 38.0,SHORT_99=10
CAPY,0.9,1,FLEET=12,[RESULT] 1350000, 1347875, 0, 20355, 10.0, 12.0, 16.0, 22.0, 77.0, 1786511264, 0,SHORT_99=11
CAPY,0.9,2,FLEET=12,[RESULT] 1350000, 1348163, 0, 17486, 10.0, 12.0, 16.0, 24.0, 58.0, 1786511307, 0,SHORT_99=11
CAPY,0.9,3,FLEET=12,[RESULT] 1350000, 1348145, 0, 17715, 10.0, 12.0, 17.0, 25.0, 60.0, 1786511350, 0,SHORT_99=11
CAPY,1.0,1,FLEET=12,[RESULT] 1350000, 1348031, 0, 19574, 10.0, 12.0, 17.0, 24.0, 74.0, 1786511391, 0,SHORT_99=11
CAPY,1.0,2,FLEET=12,[RESULT] 1350000, 1348058, 0, 19319, 10.0, 13.0, 21.0, 35.0, 99.0, 1786511434, 0,SHORT_99=11
CAPY,1.0,3,FLEET=12,[RESULT] 1350000, 1348089, 0, 19031, 10.0, 12.0, 17.0, 25.0, 60.0, 1786511476, 0,SHORT_99=11
CAPY,1.2,1,FLEET=12,[RESULT] 1350000, 1346777, 0, 31083, 10.0, 19.0, 92.0, 567.0, 989.0, 1786511518, 0,SHORT_99=11
CAPY,1.2,2,FLEET=12,[RESULT] 1350000, 1346921, 0, 29613, 10.0, 15.0, 29.0, 63.0, 121.0, 1786511559, 0,SHORT_99=11
CAPY,1.2,3,FLEET=12,[RESULT] 1350000, 1347013, 0, 28766, 10.0, 17.0, 52.0, 284.0, 435.0, 1786511602, 0,SHORT_99=11
